n= 1200 

node), split, n, loss, yval, (yprob)
      * denotes terminal node

 1) root 1200 600 0 (0.5000000 0.5000000)  
   2) XI< 0.5 556 227 0 (0.5917266 0.4082734)  
     4) XU>=0.5 237  62 0 (0.7383966 0.2616034)  
       8) XG>=0.5 92   0 0 (1.0000000 0.0000000) *
       9) XG< 0.5 145  62 0 (0.5724138 0.4275862)  
        18) XS>=0.5 55   7 0 (0.8727273 0.1272727) *
        19) XS< 0.5 90  35 1 (0.3888889 0.6111111) *
     5) XU< 0.5 319 154 1 (0.4827586 0.5172414)  
      10) XB>=0.5 143  58 0 (0.5944056 0.4055944)  
        20) XO< 0.5 44   0 0 (1.0000000 0.0000000) *
        21) XO>=0.5 99  41 1 (0.4141414 0.5858586) *
      11) XB< 0.5 176  69 1 (0.3920455 0.6079545)  
        22) XQ< 0.5 52  17 0 (0.6730769 0.3269231) *
        23) XQ>=0.5 124  34 1 (0.2741935 0.7258065) *
   3) XI>=0.5 644 271 1 (0.4208075 0.5791925)  
     6) XD>=0.5 244 111 0 (0.5450820 0.4549180)  
      12) XK>=0.5 61   0 0 (1.0000000 0.0000000) *
      13) XK< 0.5 183  72 1 (0.3934426 0.6065574)  
        26) XC>=0.5 52  16 0 (0.6923077 0.3076923) *
        27) XC< 0.5 131  36 1 (0.2748092 0.7251908) *
     7) XD< 0.5 400 138 1 (0.3450000 0.6550000)  
      14) XB>=0.5 151  72 1 (0.4768212 0.5231788)  
        28) XO< 0.5 38   0 0 (1.0000000 0.0000000) *
        29) XO>=0.5 113  34 1 (0.3008850 0.6991150) *
      15) XB< 0.5 249  66 1 (0.2650602 0.7349398) *
